2570
90, 100
1,1
2,1
3,1
4,1
5,1
6,1
7,1
8,1
9,1
10,1
11,1
12,1
13,1
14,1
15,1
16,1
17,1
18,1
19,1
20,1
21,1
22,1
23,1
24,1
25,1
26,1
27,1
28,1
29,1
30,1
31,1
32,1
33,1
34,1
35,1
36,1
37,1
38,1
39,1
40,1
41,1
42,1
43,1
44,1
45,1
46,1
47,1
48,1
49,1
50,1
51,1
52,1
53,1
54,1
55,1
56,1
57,1
58,1
59,1
60,1
61,1
62,1
63,1
64,1
65,1
66,1
67,1
68,1
69,1
70,1
71,1
72,1
73,1
74,1
75,1
76,1
77,1
78,1
79,1
80,1
81,1
82,1
83,1
84,1
85,1
86,1
87,1
88,1
89,1
90,1
1,2
2,2
3,2
4,2
5,2
6,2
7,2
8,2
9,2
10,2
11,2
12,2
13,2
14,2
15,2
16,2
17,2
18,2
19,2
20,2
21,2
22,2
23,2
24,2
25,2
26,2
27,2
28,2
29,2
30,2
31,2
32,2
33,2
34,2
35,2
36,2
37,2
38,2
39,2
40,2
41,2
42,2
43,2
44,2
45,2
46,2
47,2
48,2
49,2
50,2
51,2
52,2
53,2
54,2
55,2
56,2
57,2
58,2
59,2
60,2
61,2
62,2
63,2
64,2
65,2
66,2
67,2
68,2
69,2
70,2
71,2
72,2
73,2
74,2
75,2
76,2
77,2
78,2
79,2
80,2
81,2
82,2
83,2
84,2
85,2
86,2
87,2
88,2
89,2
90,2
1,3
2,3
3,3
4,3
5,3
6,3
7,3
8,3
9,3
10,3
11,3
12,3
13,3
14,3
15,3
16,3
17,3
18,3
19,3
20,3
21,3
22,3
23,3
24,3
25,3
28,3
37,3
38,3
39,3
40,3
41,3
42,3
43,3
44,3
45,3
46,3
47,3
48,3
49,3
50,3
51,3
52,3
53,3
54,3
55,3
56,3
57,3
58,3
59,3
60,3
61,3
62,3
68,3
69,3
70,3
71,3
72,3
73,3
74,3
75,3
76,3
77,3
78,3
79,3
80,3
81,3
82,3
83,3
84,3
85,3
86,3
87,3
88,3
89,3
90,3
1,4
2,4
3,4
4,4
5,4
6,4
7,4
8,4
9,4
10,4
11,4
12,4
13,4
14,4
15,4
16,4
17,4
18,4
19,4
20,4
21,4
22,4
23,4
24,4
25,4
39,4
40,4
41,4
42,4
43,4
44,4
45,4
46,4
47,4
48,4
49,4
50,4
51,4
52,4
53,4
54,4
55,4
56,4
57,4
58,4
59,4
60,4
61,4
69,4
70,4
71,4
72,4
73,4
74,4
75,4
76,4
77,4
78,4
79,4
80,4
81,4
82,4
83,4
84,4
85,4
86,4
87,4
88,4
89,4
90,4
1,5
2,5
3,5
4,5
5,5
6,5
7,5
8,5
9,5
10,5
11,5
12,5
13,5
14,5
15,5
16,5
17,5
18,5
19,5
20,5
21,5
22,5
23,5
24,5
25,5
41,5
42,5
43,5
44,5
45,5
46,5
47,5
48,5
49,5
50,5
51,5
52,5
53,5
54,5
55,5
56,5
57,5
58,5
59,5
60,5
70,5
71,5
72,5
73,5
74,5
75,5
76,5
77,5
78,5
79,5
80,5
81,5
82,5
83,5
84,5
85,5
86,5
87,5
88,5
89,5
90,5
1,6
2,6
3,6
4,6
5,6
6,6
7,6
8,6
9,6
10,6
11,6
12,6
13,6
14,6
15,6
16,6
17,6
18,6
19,6
20,6
21,6
22,6
23,6
24,6
25,6
44,6
45,6
46,6
51,6
52,6
53,6
54,6
55,6
56,6
57,6
58,6
59,6
70,6
71,6
72,6
73,6
74,6
75,6
76,6
77,6
78,6
79,6
80,6
81,6
82,6
83,6
84,6
85,6
86,6
87,6
88,6
89,6
90,6
1,7
2,7
3,7
4,7
5,7
6,7
7,7
8,7
9,7
10,7
11,7
12,7
13,7
14,7
15,7
16,7
17,7
18,7
19,7
20,7
21,7
22,7
23,7
24,7
25,7
26,7
51,7
52,7
53,7
57,7
58,7
59,7
72,7
73,7
74,7
75,7
76,7
77,7
78,7
79,7
80,7
81,7
82,7
83,7
84,7
85,7
86,7
87,7
88,7
89,7
90,7
1,8
2,8
3,8
4,8
5,8
6,8
7,8
8,8
9,8
10,8
11,8
12,8
13,8
14,8
15,8
16,8
17,8
18,8
19,8
20,8
21,8
22,8
23,8
24,8
25,8
26,8
27,8
51,8
59,8
73,8
74,8
75,8
76,8
77,8
78,8
79,8
80,8
81,8
82,8
83,8
84,8
85,8
86,8
87,8
88,8
89,8
90,8
1,9
2,9
3,9
4,9
5,9
6,9
7,9
8,9
9,9
10,9
11,9
12,9
13,9
14,9
15,9
16,9
17,9
18,9
19,9
20,9
21,9
22,9
23,9
24,9
25,9
26,9
58,9
59,9
74,9
75,9
76,9
77,9
78,9
79,9
80,9
81,9
82,9
83,9
84,9
85,9
86,9
87,9
88,9
89,9
90,9
1,10
2,10
3,10
4,10
5,10
6,10
7,10
8,10
9,10
10,10
11,10
12,10
13,10
14,10
15,10
16,10
17,10
18,10
19,10
20,10
21,10
22,10
23,10
24,10
25,10
59,10
84,10
86,10
87,10
88,10
89,10
90,10
1,11
2,11
3,11
6,11
7,11
8,11
9,11
10,11
11,11
12,11
13,11
14,11
15,11
16,11
17,11
18,11
19,11
20,11
21,11
22,11
23,11
87,11
88,11
89,11
90,11
7,12
8,12
9,12
10,12
11,12
12,12
13,12
14,12
15,12
16,12
17,12
18,12
19,12
20,12
21,12
88,12
89,12
90,12
10,13
11,13
19,13
89,13
58,26
58,27
58,28
58,29
58,30
58,31
59,31
22,32
58,32
59,32
60,32
21,33
22,33
59,33
60,33
15,34
21,34
22,34
59,34
60,34
61,34
81,34
15,35
16,35
17,35
18,35
19,35
20,35
21,35
22,35
23,35
59,35
60,35
61,35
62,35
81,35
82,35
15,36
16,36
17,36
18,36
19,36
20,36
21,36
22,36
23,36
59,36
60,36
61,36
62,36
81,36
82,36
83,36
15,37
16,37
17,37
18,37
19,37
20,37
21,37
22,37
59,37
60,37
61,37
62,37
80,37
81,37
82,37
83,37
16,38
17,38
18,38
19,38
20,38
21,38
22,38
59,38
60,38
61,38
62,38
63,38
80,38
81,38
82,38
83,38
17,39
18,39
19,39
20,39
21,39
59,39
60,39
61,39
62,39
63,39
64,39
80,39
81,39
82,39
83,39
18,40
19,40
59,40
60,40
61,40
62,40
63,40
64,40
65,40
80,40
81,40
82,40
83,40
84,40
58,41
59,41
60,41
61,41
62,41
63,41
64,41
65,41
80,41
81,41
82,41
83,41
84,41
85,41
57,42
58,42
59,42
60,42
61,42
62,42
63,42
64,42
65,42
80,42
81,42
82,42
83,42
84,42
85,42
57,43
58,43
59,43
60,43
61,43
62,43
63,43
64,43
65,43
80,43
81,43
82,43
83,43
84,43
57,44
58,44
59,44
60,44
61,44
62,44
63,44
64,44
65,44
66,44
80,44
81,44
82,44
83,44
84,44
57,45
58,45
59,45
60,45
61,45
62,45
63,45
64,45
65,45
80,45
81,45
82,45
83,45
84,45
57,46
58,46
59,46
60,46
61,46
62,46
79,46
80,46
81,46
82,46
83,46
84,46
14,47
57,47
58,47
59,47
60,47
61,47
62,47
79,47
80,47
81,47
82,47
83,47
84,47
85,47
57,48
58,48
59,48
60,48
61,48
62,48
79,48
80,48
81,48
82,48
83,48
84,48
85,48
86,48
57,49
58,49
59,49
60,49
79,49
80,49
81,49
82,49
83,49
84,49
85,49
86,49
57,50
59,50
74,50
75,50
78,50
79,50
80,50
81,50
82,50
83,50
84,50
85,50
86,50
87,50
73,51
74,51
75,51
76,51
77,51
78,51
79,51
80,51
81,51
82,51
83,51
84,51
85,51
12,52
73,52
74,52
75,52
76,52
77,52
78,52
79,52
80,52
81,52
82,52
83,52
84,52
85,52
11,53
72,53
73,53
74,53
75,53
76,53
77,53
78,53
79,53
80,53
81,53
82,53
83,53
84,53
5,54
11,54
73,54
74,54
75,54
76,54
77,54
78,54
79,54
80,54
81,54
82,54
83,54
84,54
87,54
88,54
5,55
6,55
10,55
11,55
73,55
74,55
75,55
76,55
77,55
78,55
79,55
80,55
81,55
82,55
83,55
84,55
87,55
88,55
89,55
5,56
6,56
10,56
11,56
50,56
73,56
74,56
75,56
76,56
77,56
78,56
79,56
80,56
81,56
82,56
83,56
86,56
87,56
88,56
89,56
4,57
5,57
6,57
7,57
8,57
9,57
10,57
11,57
12,57
13,57
14,57
50,57
73,57
74,57
75,57
76,57
77,57
78,57
79,57
80,57
81,57
82,57
83,57
86,57
87,57
1,58
2,58
3,58
4,58
5,58
6,58
7,58
8,58
9,58
10,58
11,58
12,58
13,58
14,58
49,58
50,58
73,58
74,58
75,58
76,58
77,58
78,58
79,58
80,58
81,58
82,58
83,58
86,58
87,58
1,59
2,59
3,59
4,59
5,59
6,59
7,59
8,59
9,59
10,59
11,59
12,59
13,59
14,59
15,59
49,59
50,59
74,59
75,59
76,59
77,59
78,59
79,59
80,59
81,59
82,59
83,59
85,59
86,59
89,59
90,59
1,60
2,60
3,60
4,60
5,60
6,60
7,60
8,60
9,60
10,60
11,60
12,60
13,60
14,60
15,60
48,60
49,60
50,60
51,60
52,60
74,60
75,60
76,60
77,60
78,60
85,60
86,60
87,60
89,60
90,60
1,61
2,61
3,61
4,61
5,61
6,61
7,61
8,61
9,61
10,61
11,61
12,61
13,61
14,61
47,61
48,61
49,61
50,61
51,61
52,61
53,61
54,61
75,61
76,61
77,61
86,61
87,61
88,61
89,61
90,61
1,62
2,62
3,62
4,62
5,62
6,62
7,62
8,62
9,62
10,62
11,62
12,62
13,62
14,62
46,62
47,62
48,62
49,62
50,62
51,62
52,62
53,62
54,62
55,62
86,62
87,62
88,62
89,62
90,62
1,63
2,63
3,63
4,63
5,63
6,63
7,63
8,63
9,63
10,63
11,63
12,63
13,63
14,63
46,63
47,63
48,63
49,63
50,63
51,63
52,63
53,63
54,63
55,63
86,63
87,63
88,63
89,63
90,63
1,64
2,64
3,64
4,64
5,64
6,64
7,64
8,64
9,64
10,64
11,64
12,64
13,64
14,64
46,64
47,64
48,64
49,64
50,64
51,64
52,64
53,64
54,64
55,64
74,64
84,64
87,64
88,64
89,64
90,64
1,65
2,65
3,65
4,65
5,65
6,65
7,65
8,65
9,65
10,65
11,65
12,65
13,65
14,65
15,65
17,65
45,65
46,65
47,65
48,65
49,65
50,65
51,65
52,65
53,65
54,65
55,65
56,65
74,65
75,65
81,65
87,65
88,65
89,65
90,65
1,66
2,66
3,66
4,66
5,66
6,66
7,66
8,66
9,66
10,66
11,66
12,66
13,66
14,66
15,66
16,66
17,66
46,66
47,66
48,66
49,66
50,66
51,66
52,66
53,66
54,66
55,66
56,66
57,66
81,66
87,66
88,66
89,66
90,66
1,67
2,67
3,67
4,67
5,67
6,67
7,67
8,67
9,67
10,67
11,67
12,67
13,67
14,67
15,67
16,67
17,67
18,67
19,67
46,67
47,67
48,67
49,67
50,67
51,67
52,67
53,67
54,67
55,67
56,67
57,67
58,67
76,67
77,67
80,67
81,67
82,67
86,67
87,67
88,67
89,67
90,67
1,68
2,68
3,68
4,68
5,68
6,68
7,68
8,68
9,68
10,68
11,68
12,68
13,68
14,68
15,68
16,68
17,68
18,68
19,68
46,68
47,68
48,68
49,68
50,68
51,68
52,68
53,68
54,68
55,68
56,68
57,68
76,68
77,68
78,68
79,68
80,68
81,68
82,68
83,68
84,68
86,68
87,68
88,68
89,68
90,68
1,69
2,69
3,69
4,69
5,69
6,69
7,69
8,69
9,69
10,69
11,69
12,69
13,69
14,69
15,69
16,69
17,69
18,69
19,69
20,69
46,69
47,69
48,69
49,69
50,69
51,69
52,69
53,69
54,69
55,69
56,69
57,69
77,69
78,69
79,69
80,69
81,69
82,69
83,69
84,69
85,69
86,69
87,69
88,69
89,69
90,69
1,70
2,70
3,70
4,70
5,70
6,70
7,70
8,70
9,70
10,70
11,70
12,70
13,70
14,70
15,70
16,70
17,70
18,70
19,70
20,70
45,70
46,70
47,70
48,70
49,70
50,70
51,70
52,70
53,70
54,70
57,70
58,70
59,70
60,70
78,70
79,70
80,70
81,70
82,70
83,70
84,70
85,70
86,70
87,70
88,70
89,70
90,70
1,71
2,71
3,71
4,71
5,71
6,71
7,71
8,71
9,71
10,71
11,71
12,71
13,71
14,71
15,71
16,71
17,71
18,71
19,71
44,71
45,71
46,71
47,71
48,71
49,71
50,71
51,71
52,71
53,71
54,71
57,71
58,71
59,71
60,71
81,71
82,71
83,71
84,71
85,71
86,71
87,71
88,71
89,71
90,71
1,72
2,72
3,72
4,72
5,72
6,72
7,72
8,72
9,72
10,72
11,72
12,72
13,72
14,72
15,72
16,72
17,72
18,72
44,72
45,72
46,72
47,72
48,72
49,72
50,72
51,72
52,72
53,72
57,72
58,72
59,72
82,72
83,72
84,72
85,72
86,72
87,72
88,72
89,72
90,72
1,73
2,73
3,73
4,73
5,73
6,73
7,73
8,73
9,73
10,73
11,73
12,73
13,73
14,73
15,73
16,73
17,73
18,73
19,73
44,73
45,73
46,73
47,73
48,73
49,73
50,73
51,73
57,73
58,73
59,73
83,73
84,73
85,73
86,73
87,73
88,73
89,73
90,73
1,74
2,74
3,74
4,74
5,74
6,74
7,74
8,74
9,74
10,74
11,74
12,74
13,74
14,74
15,74
16,74
17,74
18,74
19,74
43,74
44,74
45,74
46,74
47,74
48,74
49,74
50,74
51,74
57,74
83,74
84,74
85,74
86,74
87,74
88,74
89,74
90,74
1,75
2,75
3,75
4,75
5,75
6,75
7,75
8,75
9,75
10,75
11,75
12,75
13,75
14,75
15,75
16,75
17,75
18,75
19,75
20,75
43,75
44,75
45,75
46,75
47,75
48,75
49,75
50,75
51,75
57,75
79,75
84,75
85,75
86,75
87,75
88,75
89,75
90,75
1,76
2,76
3,76
4,76
5,76
6,76
7,76
8,76
9,76
10,76
11,76
12,76
13,76
14,76
15,76
16,76
17,76
18,76
19,76
20,76
21,76
22,76
23,76
36,76
41,76
42,76
43,76
44,76
45,76
46,76
47,76
48,76
49,76
50,76
51,76
57,76
78,76
79,76
84,76
85,76
86,76
87,76
88,76
89,76
90,76
1,77
2,77
3,77
4,77
5,77
6,77
7,77
8,77
9,77
10,77
11,77
12,77
13,77
14,77
15,77
16,77
17,77
18,77
19,77
20,77
21,77
22,77
23,77
24,77
28,77
35,77
36,77
37,77
39,77
40,77
41,77
42,77
43,77
44,77
45,77
46,77
47,77
48,77
49,77
50,77
51,77
64,77
78,77
79,77
82,77
83,77
84,77
85,77
86,77
87,77
88,77
89,77
90,77
1,78
2,78
3,78
4,78
5,78
6,78
7,78
8,78
9,78
10,78
11,78
12,78
13,78
14,78
15,78
16,78
17,78
18,78
19,78
20,78
21,78
22,78
23,78
24,78
25,78
28,78
29,78
36,78
37,78
38,78
39,78
40,78
41,78
42,78
43,78
44,78
45,78
46,78
47,78
48,78
49,78
50,78
51,78
64,78
79,78
82,78
83,78
84,78
86,78
87,78
88,78
89,78
90,78
1,79
2,79
3,79
4,79
5,79
6,79
7,79
8,79
9,79
10,79
11,79
12,79
13,79
14,79
15,79
16,79
17,79
18,79
19,79
20,79
21,79
22,79
23,79
24,79
25,79
26,79
27,79
28,79
29,79
36,79
37,79
38,79
39,79
40,79
41,79
42,79
43,79
44,79
45,79
46,79
47,79
48,79
49,79
50,79
51,79
58,79
64,79
79,79
80,79
83,79
86,79
87,79
88,79
89,79
90,79
1,80
2,80
3,80
4,80
5,80
6,80
7,80
8,80
9,80
10,80
11,80
12,80
13,80
14,80
15,80
16,80
17,80
18,80
19,80
20,80
21,80
22,80
23,80
24,80
25,80
26,80
27,80
28,80
29,80
36,80
37,80
38,80
39,80
40,80
41,80
42,80
43,80
44,80
45,80
46,80
47,80
48,80
49,80
50,80
51,80
52,80
53,80
58,80
63,80
64,80
80,80
83,80
87,80
88,80
89,80
90,80
1,81
2,81
3,81
4,81
5,81
6,81
7,81
8,81
9,81
10,81
11,81
12,81
13,81
14,81
15,81
16,81
17,81
18,81
19,81
20,81
21,81
22,81
23,81
24,81
25,81
26,81
27,81
28,81
29,81
30,81
36,81
37,81
38,81
39,81
40,81
41,81
42,81
43,81
44,81
45,81
46,81
47,81
48,81
49,81
50,81
51,81
52,81
58,81
63,81
64,81
65,81
66,81
80,81
83,81
87,81
88,81
89,81
90,81
1,82
2,82
3,82
4,82
5,82
6,82
7,82
8,82
9,82
10,82
11,82
12,82
13,82
14,82
15,82
16,82
17,82
18,82
19,82
20,82
21,82
22,82
23,82
24,82
25,82
26,82
27,82
28,82
29,82
30,82
36,82
37,82
38,82
39,82
40,82
41,82
42,82
43,82
44,82
45,82
46,82
47,82
48,82
49,82
50,82
51,82
52,82
63,82
64,82
65,82
66,82
80,82
81,82
82,82
83,82
86,82
87,82
88,82
89,82
90,82
1,83
2,83
3,83
4,83
5,83
6,83
7,83
8,83
9,83
10,83
11,83
12,83
13,83
14,83
15,83
16,83
17,83
18,83
19,83
20,83
21,83
22,83
23,83
24,83
29,83
35,83
36,83
37,83
38,83
39,83
40,83
41,83
42,83
43,83
44,83
45,83
46,83
47,83
48,83
49,83
50,83
51,83
52,83
53,83
64,83
65,83
66,83
67,83
68,83
80,83
81,83
82,83
87,83
88,83
89,83
90,83
1,84
2,84
3,84
4,84
5,84
6,84
7,84
8,84
9,84
10,84
11,84
12,84
13,84
14,84
15,84
16,84
17,84
18,84
19,84
20,84
21,84
22,84
35,84
36,84
37,84
38,84
39,84
40,84
41,84
42,84
43,84
44,84
45,84
46,84
47,84
48,84
49,84
50,84
51,84
52,84
53,84
58,84
64,84
65,84
66,84
67,84
68,84
81,84
82,84
87,84
88,84
89,84
90,84
1,85
2,85
3,85
4,85
5,85
6,85
7,85
8,85
9,85
10,85
11,85
12,85
13,85
14,85
15,85
16,85
17,85
22,85
35,85
36,85
37,85
38,85
39,85
40,85
41,85
42,85
43,85
44,85
45,85
46,85
47,85
48,85
49,85
50,85
51,85
58,85
64,85
65,85
66,85
67,85
68,85
81,85
82,85
83,85
84,85
87,85
88,85
89,85
90,85
1,86
2,86
3,86
4,86
5,86
6,86
7,86
8,86
9,86
10,86
11,86
12,86
13,86
14,86
15,86
16,86
17,86
36,86
37,86
38,86
39,86
40,86
41,86
42,86
43,86
44,86
45,86
46,86
47,86
48,86
49,86
50,86
64,86
65,86
66,86
67,86
68,86
81,86
82,86
83,86
84,86
87,86
88,86
89,86
90,86
1,87
2,87
3,87
5,87
6,87
7,87
8,87
9,87
10,87
11,87
12,87
13,87
14,87
15,87
36,87
37,87
38,87
39,87
40,87
41,87
42,87
43,87
44,87
45,87
46,87
47,87
48,87
49,87
50,87
57,87
63,87
64,87
65,87
66,87
67,87
68,87
69,87
88,87
89,87
90,87
1,88
2,88
7,88
8,88
9,88
10,88
11,88
12,88
39,88
40,88
41,88
42,88
43,88
44,88
45,88
46,88
47,88
48,88
49,88
57,88
63,88
64,88
65,88
66,88
67,88
68,88
69,88
88,88
89,88
90,88
1,89
2,89
7,89
8,89
9,89
10,89
11,89
12,89
40,89
41,89
42,89
43,89
44,89
45,89
46,89
47,89
48,89
49,89
63,89
64,89
65,89
66,89
67,89
68,89
69,89
88,89
89,89
90,89
1,90
2,90
3,90
7,90
8,90
9,90
10,90
11,90
12,90
13,90
14,90
41,90
42,90
43,90
44,90
45,90
46,90
47,90
48,90
63,90
64,90
65,90
66,90
67,90
68,90
69,90
88,90
89,90
90,90
1,91
2,91
3,91
4,91
7,91
9,91
10,91
11,91
12,91
13,91
14,91
41,91
42,91
43,91
44,91
45,91
46,91
47,91
48,91
62,91
63,91
64,91
65,91
66,91
67,91
68,91
69,91
88,91
89,91
90,91
1,92
2,92
3,92
4,92
9,92
11,92
12,92
42,92
43,92
44,92
45,92
46,92
47,92
48,92
62,92
63,92
64,92
65,92
66,92
67,92
68,92
69,92
88,92
89,92
90,92
1,93
2,93
3,93
42,93
43,93
44,93
45,93
46,93
47,93
51,93
64,93
65,93
66,93
67,93
68,93
88,93
89,93
90,93
1,94
2,94
3,94
42,94
43,94
44,94
45,94
46,94
47,94
50,94
51,94
67,94
68,94
88,94
89,94
90,94
1,95
2,95
3,95
42,95
43,95
44,95
45,95
46,95
47,95
50,95
62,95
89,95
90,95
1,96
2,96
3,96
43,96
44,96
45,96
46,96
47,96
51,96
89,96
90,96
1,97
2,97
3,97
43,97
44,97
45,97
46,97
47,97
48,97
51,97
88,97
89,97
90,97
1,98
2,98
3,98
43,98
44,98
45,98
46,98
47,98
48,98
88,98
89,98
90,98
1,99
2,99
3,99
43,99
44,99
45,99
46,99
47,99
48,99
88,99
89,99
90,99
1,100
2,100
3,100
39,100
43,100
44,100
45,100
46,100
47,100
48,100
89,100
90,100
